2312009320
2312011755
2311006831
2306005653
2007004249
2312007938
2502012317
ARRGN SUP 200001
2204014719
2307015425
1710003395
2007000702
1810006610
90011925DI
2203005103
2203005117
2209015013
1707015382
2201006578
2109014511
1907002888
2007009952
2405007542
2406016610
2202006739
2007000207
2410003968
2405016301
2201006431
2403009597
2403010012
JTVCC17
1908001006
2409008300
2508003765
2508009357
2505011274
2410007827
2407006497
2404006581
2402000225
2307002175
1806008674
1810002165
1812006164
2409011554
2409011554
2111014266
1902007810
1902009032
2005003668
2005007352
2211004386
2001018364
2411007089
2504001360
2503012641
2106008741
2105011056
2307009709
2312004065
2504003403
2404012222
2404012615
1502007987
2401004850
2504004696
2404013696
2312004201
1910001698
1910013885
2109003305
2007014884
2307009360
2307012157
2308014974
2309012021
2110006626
2205010016
2306012215
2112003484
2110010069
2305005491
2205007847
2112012193
2007006689
2003008008
2010000049
2003011570
2003011729
2007011416
2009005871
2009000150
2010007635
2010008841
2501005377
2009008135
2010012791
2501006547
2004002081A
1802004307
2504000187
2504000177
1903017829
2111007751
2012001925
2409004359
1905012900
1809013358
1901018159
1810004839
1908020203
2402011709
2312004306
2103006457
2507013744
2305002811
2202006008
1908000511
1908000626
VOP 6130
1503005476
2505009688
2503016000
2208005611
2507006416
1908001014
2208001537
2410000167
1810006607
1411018085
2503008380
2211007305
2205013408
1709001404
1808001330
2409010200
2502014698
1807014548
2010003505
2305008128
2502004404
2007000772
2104000352
1801007017
1801007017
2107009397
2202006730
COVID 3156
COVID 5613
COVID 5649
COVID 6130
COVID 6343
2506004081
1711009319
1904019832
2208015310
2011007981
2112002890
2111011127
2411002790
2406007963
2012010059
2101003496
2502009064
2408014155
2408006615
2408016602
2411002009
2208016263
2208006323
2209004408
2208006593
2208006434
2208006362
2212001597
2305007442
2401003329
2207016604
2111012483
2412004846
2411006179
2309013962
2302011128
2303011768
2303011840
2304002215
2304005775
2304006271
2303012363
1702018786
2102001473
2106016062
2406014210
2009001331
2502010605
2408002415
2505004531
1910018553
2501009715
2410005683
2303015511
2411013107
2501009053
2303014938
2406010900
2506016628
2506008271
2504005954
2309005739
2412002289
2412002978
2411005217
2409008547
2411011852
2407006075
2403013835
2404005224
2111004778
2201009175
2412001985
2007011553
2503007312
2412001218
2409010985
2106004771
2204013041
2301013102
2106011868
2308012864
2103000329
2105000835
2408003548
1709000477
2407001880
FC Arraign 6130
FC BAIL 7013
FC BAIL 6050
FC Bail 6130
FC ARRGN 7013 - Kent
FC ARRGN 5613
2107011810
2501006118
2501002646
2501000460
2501006118
2501000460
2501002646
2409014799
1702018787
2309007719
2312003707
2312011009
2110009902
2402000254
2401000886
2408011576
1012003724
1904002408
2201001653
2411009920
2404013351
2401001341
2202005474
2202005527
2410009458
2410011201
2412004073
2107000514
2107000202
2106004632
2106004704
2201011018
2201010280
2202011334
2010012781
1908017234
1907015857
2207003505
1810016097
2403001548
2006003211
2401000518
2311003872
2412006687
2406001974
2410007493
2407017280
2404014324
2501013658
1906000718
2005008849
2204002899
2203000201
2110008720
2207006882
2311013095
2502014285
2411006901
2409004344
2502007256
2505015594
2509001560
1812003462
2202013582
2406003573
2503010184
2410014506
2411009532
2408008368
2404006661
2302005688
1904009113
2403011974
2408007214
2408006373
2408006113
2202005478
2504008780
2410012227
2412005232
2311008529
2309011297
2310004219
2310004649
2307011071
2109001310
2204014450
2311003283
2011012200
2002017894
1903008557
2601012205
1610005943
1610005939
2112010537
1807010119
1707014544
1912019751
1912019772
2412000595
2503012543
2505007107
2405011926
2405011926
2002003087
2001020247
2104008452
2104008430
2104007760
2102006303
2501012602
2412009989
2301002569
2207014953
2210011331
2101004674
2212006849
2412010291
2410005110
2505009113
2405009618
2412000031
2411009511
2407004527
2406001915
2404012264
2111004175
1712012208
2309002374
2308008980
2309002976
1903007943
2303002135
2105010432
2205008790
2201008460
2201008498
2001003438
2001004702
2409002886
2409002886
1606002410
2411001457
2504013543
2105004136
2101008849
2206006685
2401007826
2401004336
2305012700
2207013704
2207016329
2504002637
2504014672
2504003079
2503013172
2503015094
2503006566
2501005955
2408001201
2307010160
2406005524
2010005621
2101008307
1710006739
2404013343
2401008117
2507011719
1703002477
2111001843
2401005440
PTO - FY2024 - Machado
1904014680
2412011321
2204013668
2408002682
2201006998
2404011190
2310001616
1902009856
2107007759
1904015806
1902015130
1804005341
1804015099
1710005673
1710001586
1710000692
1709004206
1707014576
1707008555
1805003512
1808022251
1807021594
1808021415
1911008823
2003009213
2403000419
2503001398
1601000403
1911010766
2505000487
2504013062
2504012034
2504010213
2504012469
2504012658
2504004264
2504009969
2504009827
2504000632
2504009813
2210012352
1810010016
2207011141
2501005902
2502012174
2410000876
2411012851
2406000731
2007005419
2205005208
2305008173
2301015784
2412002828
2504011728
2411008125
2411008322
2405016192
2408006784
2504008631
2503004158
2007006896
2407017118
2408003119
2410000231
2002003092
1802002210
2407010170
2505004492
2006006091
2001016893
2108009241
2502006941
2409009873
2305003689
2210004242
2306008590
2210008265
2306003879
2210005263
2002016637
2002005258
2408012090
2001001895
2502013507
1701018545
2111004841
2310005591
2403002582
2305006975
2311000806
2406011357
2207003212
2408015740
2310009492
2409009976
2407008535
2403009854
1906001601
2501013191
2403009242
2007000677
2209003354
2201001623
2301001405
1903015456
2507016563
2206011621
2301015135
2403007536
2310007294
2509006077
2104012177
2104012221
2502001755
2501008481
2101009411
PRELIM 5469
PRELIM 6329
PRELIM 3448
PRELIM 3156
PRELIM 3932
PRELIM 6343
PRELIM 7013
PRELIM 2048
PRELIM 200001
PRELIM 5613
PRELIM 2427
JTVCC11
2312007928
2506000742
2505010452
2007009941
2402003445
2503005965
2412003275
2409003493
2402002929
2108013124
2209010605
2103000509
2304002997
2207001732
2305015182
2407017501
2007000732
1002011017
2309001922
2401006065
2401010249
2401006860
1804010538
1802008549
2504006698
2504006698
1908003228
1904006974
1810008040
2006000640
2401009457
2501004256
2411003759
2311010538
1812006465
2204009131
2104014536
1907007756
2504015302
2408003186
2207008395
2207009242
SAFE SURRENDERS
SAFE SURRENDER
2201004848
1703003924
2405004522
2406006907
2406013042
2408004410
2407013068
2407006881
2407006681
2408003506
2407008370
2406014806
2407000035
2408004386
2407006885
2408004432
2406006675
2405016056
2505007544
2508004723
2312000852
2411009115
2412004631
2411009497
2411004528
2201004339
1605021740
2202006911
2007002280
2407017473
2206015554
2510003522
2510009632
2601003785
2310001603
2108012225
2403003250
2504011509
2409004461
2401005229
2311007904
2601004541
2306002719
2412005459
2407006637
2301009812
2501012264
2504013922
2505002434
2311000998
2402002664
2410010626
2504004590
2410001141
2007013357
2308009171
2311005787
2007014282
2201006279
2112009547
2410013130
2002013492
1608017664
2409007998
2303006651
2402005026
2301001988
2404007484
2508012350
2209005999
2103013030
2511008804
2510006767
2410000677
2410000494
1909011432
1609010800
1910013510
1910016966
1902000138
1812013422
1807015604
1704004038
1701005438
1903019431
2506009842
2411004787
2505006357
2408007133
2103000692
2010012713
2009007450
2002014927
2001014927
2502013242
2002017021
2002003749
2509015908
2506009803
2101009404
2311000539
2502003544
2012007208
2012007152
2009007336
1910007949
2312001152
2407005523
1605014734
2501002863
2412008351
1903018496
2403004883
2311009645
2502010865
2502013161
2502012993
2502012209
2502012319
2310014301
2306011295
2310012521
2209012821
2510012200
2410003568
1911000711
2509003890
2205013273
2111014315
2111004937
2409005046
2409005046
2205005682
1302020549
2205010734
2312005526
2409005119
2207011812
2207013635
2502007241
2507016607
2411008829
2502013894
2508015629
2511000917
2306011960
2311009051
2310008560
2407015949
2205008375
2204014267
2506017960
2302008738
2506000330
2309000752
2309007907
2309014557
2404001460
2505014048
2202012635
2108011504
2101000792
2504015331
2409012851
2205007930
2010008344
2110010310
2206012572
2211003403
2205006407
2206010768
2206002895
2204014517
2408008436
2405004153
2405002931
2306000038
1707014217
2001004653
1912033391
2307009988
2309011538
2204009575
1909016705
2503015537
2411002831
2407016850
2408001205
2409011557
2408016769
2408003947
2508007928
2507017234
2506009925
2201003246
2402010848
2211005447
2004001551
2408005836
2404003816
2407012365
2407012861
2404001772
2111005854
2002016656
2002009761
2002007264
2101012794
2212003686
2401012985
2312009792
1801008498
2409013802
2405001980
2303010423
2404014699
2411005033
2410006768
2410001958
2410006768
2410001958
2004003693
2208005394
2505008710
2412005262
2311007622
2311007627
2309014746
2102001895
2504013951
2006000965
2502000497
2509013262
2510011514
2210011932
2109000830
2101013037
2303013797
2506007896
2207004397
2511013548
2504015622
2402003523
2405005835
1707014103
1910014760
2403004171
2507017022
2405005779
2401011815
2312007385
2301013534
2309009786
2511010572
2311008255
1902004432
2406012568
2408005941
2407013366
2308013084
2008010992
2411010833
2211003443
1910018713
1909016134
2507019001
2509007547
2304004546
2506001682
2002003090
2511013253
2502011095
2204011636
2512008358
2407007923
2305013645
2311013121
2307009081
1606005381
2402012276
2401004992
1301001320A
2403013038
2403009388
1703002846
2502011801
2509008842
2004000143
2503010340
2503005963
2409006097
2308015543
2503005533
2104014434
2203001117
2203001040
2505012389
2509005866
2505014744
2502000931
2502015177
2011006569
2011006412
2009011908
2010011454
2404011827
2412002889
2501006263
2507009200
2505007335
2407018030
2510006646
2512009963
2402005566
2510005290
2509005871
2407005852
2209005294
2505003478
2504004545
2504013906
2405000415
2401009584
2401009162
2210010226
2408014622
2306006148
2302015449
2301000634
2507008447
2406005973
2502013020
2502013005
2305012239
2409009548
2508009923
2507011584
2405002874
2308015450
2009006874
2509012030
2505004090
2410008262
2410007721
2401005845
2403004691
1909005295
2007000765
2403002225
2107017164
2405001975
2404013726
2405000108
2404013373
2406001752
2404008604
2405000111
2406002325
2007012755
2310006619
2101002137
2108009907
2108010172
1402014360
2510005595
2207003860
1902008570
1912033338
2410011561
2306008737
2408015039
2408015030
2503016007
2410004088
2411005044
2410015384
2106001929
2412012372
2407006351
JUROR - Still Sealed
2305009649
2111000543
2404003947
2104007251
2403011129
2204012120
2010012555
2406013305
2312003046
2506013040
2203016771
2009008654
1710012764
2411012569
2406000539
2105000987
2506011220
2310001197
2410014513
2404003885
2308008110
2311011522
2311011324
2410004011
2411005304
2307017158
2302005523
2410010542
1901005836
2411002676
2405005414
2311001761
2401013266
2308009406
2310010303
2502014937
2404011717
2204003178
2204002896
2201010283
2106005801
2106004725
2009014367
1907013234
1908011273
2310003012
2309009734
2303017018
2512002550
1607007843
2011000171
2412008392
2105000936
2005005927
2406001864
2406001528
2406000564
2509012997
2509012946
1803005767
2409015105
2007006951
2403006746
2403002639
2402013388
2403006740